footstep_margin: 0.21
lfoot_frame_id: LLEG_LINK5
rfoot_frame_id: RLEG_LINK5
lfoot_offset: [0.03, 0.01, -0.105, 0, 0, 0, 1]
rfoot_offset: [0.03, -0.01, -0.105, 0, 0, 0, 1]
lleg_vertices: [[-0.110589, -0.075184], [-0.110589, 0.075184], [0.143411, 0.075184], [0.143411, -0.075184]]
rleg_vertices: [[-0.110589, -0.075184], [-0.110589, 0.075184], [0.143411, 0.075184], [0.143411, -0.075184]]
